w/HHLC	324					w/oHHLC	324						w/HHLC 24				
index	bin	occurnace				index	bin	occurnace					index	bin	occurnace		
0	0	823				0	0	990					0	0	80		
1	8.141	56				1	7.844	54					1	4.953	0		
2	16.281	49				2	15.688	43					2	9.906	0		
3	24.422	41				3	23.531	56					3	14.859	0		
4	32.562	42				4	31.375	46					4	19.812	0		
5	40.703	37	0.969119048	35.85740476		5	39.219	64	0.933785714	59.76228571			5	24.766	0		
6	48.844	47	1.162952381	54.6587619		6	47.062	59	1.12052381	66.11090476			6	29.719	0		
7	56.984	66	1.356761905	89.54628571		7	54.906	83	1.307285714	108.5047143			7	34.672	1		
8	65.125	55	1.550595238	85.2827381		8	62.75	97	1.494047619	144.922619			8	39.625	1	0.943452381	0.943452381
9	73.266	69	1.744428571	120.3655714		9	70.594	127	1.680809524	213.4628095			9	44.578	0	1.061380952	0
10	81.406	74	1.938238095	143.429619		10	78.438	118	1.867571429	220.3734286			10	49.531	0	1.179309524	0
11	89.547	101	2.132071429	215.3392143		11	86.281	128	2.054309524	262.951619			11	54.484	2	1.297238095	2.59447619
12	97.688	105	2.325904762	244.22		12	94.125	119	2.241071429	266.6875			12	59.438	1	1.415190476	1.415190476
13	105.828	148	2.519714286	372.9177143		13	101.969	158	2.427833333	383.5976667			13	64.391	0	1.533119048	0
14	113.969	148	2.713547619	401.6050476		14	109.812	135	2.614571429	352.9671429			14	69.344	1	1.651047619	1.651047619
15	122.109	165	2.907357143	479.7139286		15	117.656	140	2.801333333	392.1866667			15	74.297	2	1.76897619	3.537952381
16	130.25	142	3.101190476	440.3690476		16	125.5	141	2.988095238	421.3214286			16	79.25	0	1.886904762	0
17	138.391	144	3.29502381	474.4834286		17	133.344	134	3.174857143	425.4308571			17	84.203	1	2.004833333	2.004833333
18	146.531	137	3.488833333	477.9701667		18	141.188	124	3.361619048	416.8407619			18	89.156	0	2.122761905	0
19	154.672	140	3.682666667	515.5733333		19	149.031	98	3.548357143	347.739			19	94.109	1	2.240690476	2.240690476
20	162.812	119	3.87647619	461.3006667		20	156.875	77	3.735119048	287.6041667			20	99.062	0	2.358619048	0
21	170.953	137	4.070309524	557.6324048		21	164.719	85	3.921880952	333.359881			21	104.016	1	2.476571429	2.476571429
22	179.094	98	4.264142857	417.886		22	172.562	70	4.108619048	287.6033333			22	108.969	1	2.5945	2.5945
23	187.234	80	4.457952381	356.6361905		23	180.406	56	4.295380952	240.5413333			23	113.922	0	2.712428571	0
24	195.375	79	4.651785714	367.4910714		24	188.25	74	4.482142857	331.6785714			24	118.875	3	2.830357143	8.491071429
25	203.516	68	4.845619048	329.5020952		25	196.094	42	4.668904762	196.094			25	123.828	0	2.948285714	0
26	211.656	57	5.039428571	287.2474286		26	203.938	55	4.855666667	267.0616667			26	128.781	0	3.066214286	0
27	219.797	53	5.233261905	277.362881		27	211.781	64	5.042404762	322.7139048			27	133.734	0	3.184142857	0
28	227.938	56	5.427095238	303.9173333		28	219.625	54	5.229166667	282.375			28	138.688	0	3.302095238	0
29	236.078	46	5.620904762	258.561619		29	227.469	53	5.415928571	287.0442143			29	143.641	1	3.42002381	3.42002381
30	244.219	63	5.814738095	366.3285		30	235.312	48	5.602666667	268.928			30	148.594	1	3.537952381	3.537952381
31	252.359	49	6.008547619	294.4188333		31	243.156	43	5.789428571	248.9454286			31	153.547	9	3.655880952	32.90292857
32	260.5	38	6.202380952	235.6904762		32	251	40	5.976190476	239.047619			32	158.5	22	3.773809524	83.02380952
33	268.641	58	6.396214286	370.9804286		33	258.844	37	6.162952381	228.0292381			33	163.453	63	3.891738095	245.1795
34	276.781	50	6.59002381	329.5011905		34	266.688	58	6.349714286	368.2834286			34	168.406	96	4.009666667	384.928
35	284.922	47	6.783857143	318.8412857		35	274.531	40	6.536452381	261.4580952			35	173.359	159	4.127595238	656.2876429
36	293.062	52	6.977666667	362.8386667		36	282.375	45	6.723214286	302.5446429			36	178.312	273	4.24552381	1159.028
37	301.203	54	7.1715	387.261		37	290.219	47	6.90997619	324.768881			37	183.266	385	4.36347619	1679.938333
38	309.344	38	7.365333333	279.8826667		38	298.062	43	7.096714286	305.1587143			38	188.219	414	4.481404762	1855.301571
39	317.484	46	7.559142857	347.7205714		39	305.906	42	7.28347619	305.906			39	193.172	421	4.599333333	1936.319333
40	325.625	45	7.75297619	348.8839286		40	313.75	31	7.470238095	231.577381			40	198.125	408	4.717261905	1924.642857
41	333.766	40	7.946809524	317.872381		41	321.594	36	7.657	275.652			41	203.078	393	4.835190476	1900.229857
42	341.906	41	8.140619048	333.765381		42	329.438	45	7.843761905	352.9692857			42	208.031	235	4.953119048	1163.982976
43	350.047	47	8.334452381	391.7192619		43	337.281	52	8.0305	417.586			43	212.984	268	5.071047619	1359.040762
44	358.188	37	8.528285714	315.5465714		44	345.125	32	8.217261905	262.952381			44	217.938	233	5.189	1209.037
45	366.328	37	8.722095238	322.7175238		45	352.969	69	8.40402381	579.8776429			45	222.891	182	5.306928571	965.861
46	374.469	47	8.915928571	419.0486429		46	360.812	44	8.590761905	377.9935238			46	227.844	115	5.424857143	623.8585714
47	382.609	39	9.109738095	355.2797857		47	368.656	44	8.77752381	386.2110476			47	232.797	116	5.542785714	642.9631429
48	390.75	46	9.303571429	427.9642857		48	376.5	50	8.964285714	448.2142857			48	237.75	98	5.660714286	554.75
49	398.891	49	9.497404762	465.3728333		49	384.344	48	9.151047619	439.2502857			49	242.703	99	5.778642857	572.0856429
50	407.031	42	9.691214286	407.031		50	392.188	47	9.337809524	438.8770476			50	247.656	70	5.896571429	412.76
51	415.172	39	9.885047619	385.5168571		51	400.031	37	9.524547619	352.4082619			51	252.609	82	6.0145	493.189
52	423.312	49	10.07885714	493.864		52	407.875	41	9.711309524	398.1636905			52	257.562	77	6.132428571	472.197
53	431.453	39	10.27269048	400.6349286		53	415.719	50	9.898071429	494.9035714			53	262.516	50	6.250380952	312.5190476
54	439.594	34	10.46652381	355.8618095		54	423.562	45	10.08480952	453.8164286			54	267.469	49	6.368309524	312.0471667
55	447.734	37	10.66033333	394.4323333		55	431.406	42	10.27157143	431.406			55	272.422	52	6.486238095	337.284381
56	455.875	47	10.85416667	510.1458333		56	439.25	35	10.45833333	366.0416667			56	277.375	44	6.604166667	290.5833333
57	464.016	54	11.048	596.592		57	447.094	27	10.64509524	287.4175714			57	282.328	29	6.722095238	194.9407619
58	472.156	41	11.24180952	460.9141905		58	454.938	38	10.83185714	411.6105714			58	287.281	45	6.84002381	307.8010714
59	480.297	28	11.43564286	320.198		59	462.781	32	11.01859524	352.5950476			59	292.234	38	6.957952381	264.4021905
60	488.438	39	11.62947619	453.5495714		60	470.625	32	11.20535714	358.5714286			60	297.188	43	7.075904762	304.2639048
61	496.578	25	11.82328571	295.5821429		61	478.469	26	11.39211905	296.1950952			61	302.141	35	7.193833333	251.7841667
62	504.719	33	12.01711905	396.5649286		62	486.312	26	11.57885714	301.0502857			62	307.094	29	7.311761905	212.0410952
63	512.859	32	12.21092857	390.7497143		63	494.156	22	11.76561905	258.843619			63	312.047	15	7.429690476	111.4453571
64	521	42	12.4047619	521		64	502	23	11.95238095	274.9047619			64	317	31	7.547619048	233.9761905
65	529.141	30	12.59859524	377.9578571		65	509.844	26	12.13914286	315.6177143			65	321.953	28	7.665547619	214.6353333
66	537.281	30	12.79240476	383.7721429		66	517.688	32	12.32590476	394.4289524			66	326.906	37	7.78347619	287.988619
67	545.422	28	12.9862381	363.6146667		67	525.531	27	12.51264286	337.8413571			67	331.859	26	7.901404762	205.4365238
68	553.562	26	13.18004762	342.6812381		68	533.375	22	12.69940476	279.3869048			68	336.812	24	8.019333333	192.464
69	561.703	27	13.37388095	361.0947857		69	541.219	27	12.88616667	347.9265			69	341.766	32	8.137285714	260.3931429
70	569.844	18	13.56771429	244.2188571		70	549.062	15	13.07290476	196.0935714			70	346.719	17	8.255214286	140.3386429
71	577.984	28	13.76152381	385.3226667		71	556.906	15	13.25966667	198.895			71	351.672	23	8.373142857	192.5822857
72	586.125	18	13.95535714	251.1964286		72	564.75	20	13.44642857	268.9285714			72	356.625	27	8.491071429	229.2589286
73	594.266	22	14.14919048	311.2821905		73	572.594	21	13.63319048	286.297			73	361.578	26	8.609	223.834
74	602.406	21	14.343	301.203		74	580.438	17	13.81995238	234.9391905			74	366.531	18	8.726928571	157.0847143
75	610.547	28	14.53683333	407.0313333		75	588.281	35	14.00669048	490.2341667			75	371.484	19	8.844857143	168.0522857
76	618.688	20	14.73066667	294.6133333		76	596.125	23	14.19345238	326.4494048			76	376.438	22	8.962809524	197.1818095
77	626.828	17	14.92447619	253.7160952		77	603.969	17	14.38021429	244.4636429			77	381.391	19	9.080738095	172.5340238
78	634.969	23	15.11830952	347.721119		78	611.812	24	14.56695238	349.6068571			78	386.344	21	9.198666667	193.172
79	643.109	24	15.31211905	367.4908571		79	619.656	24	14.75371429	354.0891429			79	391.297	16	9.316595238	149.0655238
80	651.25	30	15.50595238	465.1785714		80	627.5	21	14.94047619	313.75			80	396.25	26	9.43452381	245.297619
81	659.391	22	15.69978571	345.3952857		81	635.344	28	15.1272381	423.5626667			81	401.203	27	9.552452381	257.9162143
82	667.531	19	15.89359524	301.9783095		82	643.188	28	15.314	428.792			82	406.156	20	9.670380952	193.407619
83	675.672	25	16.08742857	402.1857143		83	651.031	28	15.5007381	434.0206667			83	411.109	21	9.788309524	205.5545
84	683.812	18	16.2812381	293.0622857		84	658.875	24	15.6875	376.5			84	416.062	17	9.906238095	168.4060476
85	691.953	19	16.47507143	313.0263571		85	666.719	33	15.8742619	523.8506429			85	421.016	11	10.02419048	110.2660952
86	700.094	26	16.66890476	433.3915238		86	674.562	32	16.061	513.952			86	425.969	16	10.14211905	162.2739048
87	708.234	19	16.86271429	320.3915714		87	682.406	26	16.2477619	422.4418095			87	430.922	22	10.26004762	225.7210476
88	716.375	24	17.05654762	409.3571429		88	690.25	21	16.43452381	345.125			88	435.875	20	10.37797619	207.5595238
89	724.516	17	17.25038095	293.2564762		89	698.094	21	16.62128571	349.047			89	440.828	19	10.49590476	199.4221905
90	732.656	26	17.44419048	453.5489524		90	705.938	13	16.80804762	218.504619			90	445.781	24	10.61383333	254.732
91	740.797	17	17.63802381	299.8464048		91	713.781	22	16.99478571	373.8852857			91	450.734	17	10.7317619	182.4399524
92	748.938	27	17.83185714	481.4601429		92	721.625	12	17.18154762	206.1785714			92	455.688	15	10.84971429	162.7457143
93	757.078	19	18.02566667	342.4876667		93	729.469	20	17.36830952	347.3661905			93	460.641	12	10.96764286	131.6117143
94	765.219	18	18.2195	327.951		94	737.312	21	17.55504762	368.656			94	465.594	17	11.08557143	188.4547143
95	773.359	23	18.41330952	423.506119		95	745.156	14	17.74180952	248.3853333			95	470.547	16	11.2035	179.256
96	781.5	23	18.60714286	427.9642857		96	753	22	17.92857143	394.4285714			96	475.5	19	11.32142857	215.1071429
97	789.641	23	18.80097619	432.4224524		97	760.844	20	18.11533333	362.3066667			97	480.453	15	11.43935714	171.5903571
98	797.781	19	18.99478571	360.9009286		98	768.688	10	18.30209524	183.0209524			98	485.406	12	11.55728571	138.6874286
99	805.922	19	19.18861905	364.5837619		99	776.531	12	18.48883333	221.866			99	490.359	13	11.67521429	151.7777857
100	814.062	18	19.38242857	348.8837143		100	784.375	18	18.67559524	336.1607143			100	495.312	18	11.79314286	212.2765714
101	822.203	16	19.5762619	313.2201905		101	792.219	15	18.86235714	282.9353571			101	500.266	10	11.91109524	119.1109524
102	830.344	13	19.77009524	257.0112381		102	800.062	9	19.04909524	171.4418571			102	505.219	18	12.02902381	216.5224286
103	838.484	21	19.96390476	419.242		103	807.906	11	19.23585714	211.5944286			103	510.172	14	12.14695238	170.0573333
104	846.625	21	20.1577381	423.3125		104	815.75	10	19.42261905	194.2261905			104	515.125	16	12.26488095	196.2380952
105	854.766	18	20.35157143	366.3282857		105	823.594	11	19.60938095	215.7031905			105	520.078	18	12.38280952	222.8905714
106	862.906	15	20.54538095	308.1807143		106	831.438	13	19.79614286	257.3498571			106	525.031	16	12.5007381	200.0118095
107	871.047	7	20.73921429	145.1745		107	839.281	9	19.98288095	179.8459286			107	529.984	14	12.61866667	176.6613333
108	879.188	12	20.93304762	251.1965714		108	847.125	13	20.16964286	262.2053571			108	534.938	12	12.73661905	152.8394286
109	887.328	12	21.12685714	253.5222857		109	854.969	3	20.35640476	61.06921429			109	539.891	13	12.85454762	167.109119
110	895.469	12	21.32069048	255.8482857		110	862.812	6	20.54314286	123.2588571			110	544.844	12	12.97247619	155.6697143
111	903.609	11	21.5145	236.6595		111	870.656	14	20.72990476	290.2186667			111	549.797	16	13.09040476	209.4464762
112	911.75	12	21.70833333	260.5		112	878.5	6	20.91666667	125.5			112	554.75	16	13.20833333	211.3333333
113	919.891	6	21.90216667	131.413		113	886.344	7	21.10342857	147.724			113	559.703	21	13.3262619	279.8515
114	928.031	4	22.09597619	88.38390476		114	894.188	8	21.29019048	170.3215238			114	564.656	11	13.44419048	147.8860952
115	936.172	8	22.28980952	178.3184762		115	902.031	7	21.47692857	150.3385			115	569.609	13	13.56211905	176.3075476
116	944.312	8	22.48361905	179.8689524		116	909.875	10	21.66369048	216.6369048			116	574.562	18	13.68004762	246.2408571
117	952.453	8	22.67745238	181.419619		117	917.719	5	21.85045238	109.2522619			117	579.516	11	13.798	151.778
118	960.594	9	22.87128571	205.8415714		118	925.562	7	22.03719048	154.2603333			118	584.469	13	13.91592857	180.9070714
119	968.734	11	23.06509524	253.7160476		119	933.406	9	22.22395238	200.0155714			119	589.422	16	14.03385714	224.5417143
120	976.875	6	23.25892857	139.5535714		120	941.25	7	22.41071429	156.875			120	594.375	11	14.15178571	155.6696429
121	985.016	4	23.4527619	93.81104762		121	949.094	7	22.59747619	158.1823333			121	599.328	10	14.26971429	142.6971429
122	993.156	2	23.64657143	47.29314286		122	956.938	7	22.7842381	159.4896667			122	604.281	12	14.38764286	172.6517143
123	1001.297	11	23.84040476	262.2444524		123	964.781	5	22.97097619	114.854881			123	609.234	11	14.50557143	159.5612857
124	1009.438	3	24.0342381	72.10271429		124	972.625	6	23.1577381	138.9464286			124	614.188	14	14.62352381	204.7293333
125	1017.578	8	24.22804762	193.824381		125	980.469	2	23.3445	46.689			125	619.141	14	14.74145238	206.3803333
126	1025.719	12	24.42188095	293.0625714		126	988.312	3	23.5312381	70.59371429			126	624.094	18	14.85938095	267.4688571
127	1033.859	4	24.61569048	98.4627619		127	996.156	3	23.718	71.154			127	629.047	4	14.97730952	59.9092381
128	1042	6	24.80952381	148.8571429		128	1004	2	23.9047619	47.80952381			128	634	14	15.0952381	211.3333333
129	1050.141	4	25.00335714	100.0134286		129	1011.844	6	24.09152381	144.5491429			129	638.953	11	15.21316667	167.3448333
130	1058.281	4	25.19716667	100.7886667		130	1019.688	9	24.27828571	218.5045714			130	643.906	9	15.33109524	137.9798571
131	1066.422	5	25.391	126.955		131	1027.531	6	24.46502381	146.7901429			131	648.859	11	15.44902381	169.9392619
132	1074.562	10	25.58480952	255.8480952		132	1035.375	6	24.65178571	147.9107143			132	653.812	11	15.56695238	171.2364762
133	1082.703	5	25.77864286	128.8932143		133	1043.219	5	24.83854762	124.1927381			133	658.766	11	15.68490476	172.5339524
134	1090.844	11	25.97247619	285.6972381		134	1051.062	5	25.02528571	125.1264286			134	663.719	13	15.80283333	205.4368333
135	1098.984	3	26.16628571	78.49885714		135	1058.906	7	25.21204762	176.4843333			135	668.672	14	15.9207619	222.8906667
136	1107.125	9	26.36011905	237.2410714		136	1066.75	13	25.39880952	330.1845238			136	673.625	5	16.03869048	80.19345238
137	1115.266	4	26.55395238	106.2158095		137	1074.594	11	25.58557143	281.4412857			137	678.578	8	16.15661905	129.2529524
138	1123.406	3	26.7477619	80.24328571		138	1082.438	3	25.77233333	77.317			138	683.531	12	16.27454762	195.2945714
139	1131.547	14	26.94159524	377.1823333		139	1090.281	15	25.95907143	389.3860714			139	688.484	10	16.39247619	163.9247619
140	1139.688	8	27.13542857	217.0834286		140	1098.125	3	26.14583333	78.4375			140	693.438	11	16.51042857	181.6147143
141	1147.828	7	27.3292381	191.3046667		141	1105.969	5	26.33259524	131.6629762			141	698.391	15	16.62835714	249.4253571
142	1155.969	8	27.52307143	220.1845714		142	1113.812	6	26.51933333	159.116			142	703.344	11	16.74628571	184.2091429
143	1164.109	5	27.71688095	138.5844048		143	1121.656	7	26.70609524	186.9426667			143	708.297	8	16.86421429	134.9137143
144	1172.25	5	27.91071429	139.5535714		144	1129.5	5	26.89285714	134.4642857			144	713.25	6	16.98214286	101.8928571
145	1180.391	5	28.10454762	140.5227381		145	1137.344	1	27.07961905	27.07961905			145	718.203	7	17.10007143	119.7005
146	1188.531	8	28.29835714	226.3868571		146	1145.188	6	27.26638095	163.5982857			146	723.156	7	17.218	120.526
147	1196.672	9	28.49219048	256.4297143		147	1153.031	2	27.45311905	54.9062381			147	728.109	7	17.33592857	121.3515
148	1204.812	9	28.686	258.174		148	1160.875	8	27.63988095	221.1190476			148	733.062	9	17.45385714	157.0847143
149	1212.953	6	28.87983333	173.279		149	1168.719	11	27.82664286	306.0930714			149	738.016	11	17.57180952	193.2899048
150	1221.094	9	29.07366667	261.663		150	1176.562	7	28.01338095	196.0936667			150	742.969	13	17.6897381	229.9665952
151	1229.234	5	29.26747619	146.337381		151	1184.406	9	28.20014286	253.8012857			151	747.922	9	17.80766667	160.269
152	1237.375	6	29.46130952	176.7678571		152	1192.25	6	28.38690476	170.3214286			152	752.875	12	17.92559524	215.1071429
153	1245.516	9	29.65514286	266.8962857		153	1200.094	10	28.57366667	285.7366667			153	757.828	8	18.04352381	144.3481905
154	1253.656	7	29.84895238	208.9426667		154	1207.938	8	28.76042857	230.0834286			154	762.781	9	18.16145238	163.4530714
155	1261.797	8	30.04278571	240.3422857		155	1215.781	11	28.94716667	318.4188333			155	767.734	7	18.27938095	127.9556667
156	1269.938	9	30.23661905	272.1295714		156	1223.625	9	29.13392857	262.2053571			156	772.688	6	18.39733333	110.384
157	1278.078	5	30.43042857	152.1521429		157	1231.469	5	29.32069048	146.6034524			157	777.641	12	18.5152619	222.1831429
158	1286.219	8	30.6242619	244.9940952		158	1239.312	12	29.50742857	354.0891429			158	782.594	11	18.63319048	204.9650952
159	1294.359	4	30.81807143	123.2722857		159	1247.156	5	29.69419048	148.4709524			159	787.547	9	18.75111905	168.7600714
160	1302.5	7	31.01190476	217.0833333		160	1255	14	29.88095238	418.3333333			160	792.5	11	18.86904762	207.5595238
161	1310.641	6	31.2057381	187.2344286		161	1262.844	12	30.06771429	360.8125714			161	797.453	4	18.98697619	75.94790476
162	1318.781	7	31.39954762	219.7968333		162	1270.688	10	30.25447619	302.5447619			162	802.406	6	19.10490476	114.6294286
163	1326.922	7	31.59338095	221.1536667		163	1278.531	8	30.44121429	243.5297143			163	807.359	7	19.22283333	134.5598333
164	1335.062	12	31.78719048	381.4462857		164	1286.375	10	30.62797619	306.2797619			164	812.312	10	19.3407619	193.407619
165	1343.203	5	31.98102381	159.905119		165	1294.219	4	30.8147381	123.2589524			165	817.266	6	19.45871429	116.7522857
166	1351.344	9	32.17485714	289.5737143		166	1302.062	8	31.00147619	248.0118095			166	822.219	13	19.57664286	254.4963571
167	1359.484	11	32.36866667	356.0553333		167	1309.906	9	31.1882381	280.6941429			167	827.172	8	19.69457143	157.5565714
168	1367.625	9	32.5625	293.0625		168	1317.75	11	31.375	345.125			168	832.125	9	19.8125	178.3125
169	1375.766	13	32.75633333	425.8323333		169	1325.594	11	31.5617619	347.179381			169	837.078	6	19.93042857	119.5825714
170	1383.906	11	32.95014286	362.4515714		170	1333.438	10	31.74852381	317.4852381			170	842.031	7	20.04835714	140.3385
171	1392.047	6	33.14397619	198.8638571		171	1341.281	9	31.9352619	287.4173571			171	846.984	11	20.16628571	221.8291429
172	1400.188	5	33.33780952	166.6890476		172	1349.125	5	32.12202381	160.610119			172	851.938	2	20.2842381	40.56847619
173	1408.328	11	33.53161905	368.8478095		173	1356.969	7	32.30878571	226.1615			173	856.891	12	20.40216667	244.826
174	1416.469	10	33.72545238	337.2545238		174	1364.812	7	32.49552381	227.4686667			174	861.844	4	20.52009524	82.08038095
175	1424.609	4	33.9192619	135.6770476		175	1372.656	4	32.68228571	130.7291429			175	866.797	4	20.63802381	82.55209524
176	1432.75	5	34.11309524	170.5654762		176	1380.5	6	32.86904762	197.2142857			176	871.75	11	20.75595238	228.3154762
177	1440.891	5	34.30692857	171.5346429		177	1388.344	3	33.05580952	99.16742857			177	876.703	5	20.87388095	104.3694048
178	1449.031	6	34.5007381	207.0044286		178	1396.188	7	33.24257143	232.698			178	881.656	5	20.99180952	104.9590476
179	1457.172	1	34.69457143	34.69457143		179	1404.031	3	33.42930952	100.2879286			179	886.609	5	21.1097381	105.5486905
180	1465.312	6	34.88838095	209.3302857		180	1411.875	4	33.61607143	134.4642857			180	891.562	7	21.22766667	148.5936667
181	1473.453	9	35.08221429	315.7399286		181	1419.719	7	33.80283333	236.6198333			181	896.516	5	21.34561905	106.7280952
182	1481.594	3	35.27604762	105.8281429		182	1427.562	2	33.98957143	67.97914286			182	901.469	8	21.46354762	171.708381
183	1489.734	8	35.46985714	283.7588571		183	1435.406	10	34.17633333	341.7633333			183	906.422	7	21.58147619	151.0703333
184	1497.875	2	35.66369048	71.32738095		184	1443.25	7	34.36309524	240.5416667			184	911.375	8	21.69940476	173.5952381
185	1506.016	9	35.85752381	322.7177143		185	1451.094	3	34.54985714	103.6495714			185	916.328	5	21.81733333	109.0866667
186	1514.156	7	36.05133333	252.3593333		186	1458.938	4	34.73661905	138.9464762			186	921.281	4	21.9352619	87.74104762
187	1522.297	5	36.24516667	181.2258333		187	1466.781	8	34.92335714	279.3868571			187	926.234	8	22.05319048	176.4255238
188	1530.438	4	36.439	145.756		188	1474.625	4	35.11011905	140.4404762			188	931.188	5	22.17114286	110.8557143
189	1538.578	1	36.63280952	36.63280952		189	1482.469	4	35.29688095	141.1875238			189	936.141	6	22.28907143	133.7344286
190	1546.719	6	36.82664286	220.9598571		190	1490.312	5	35.48361905	177.4180952			190	941.094	4	22.407	89.628
191	1554.859	9	37.02045238	333.1840714		191	1498.156	3	35.67038095	107.0111429			191	946.047	4	22.52492857	90.09971429
192	1563	3	37.21428571	111.6428571		192	1506	4	35.85714286	143.4285714			192	951	2	22.64285714	45.28571429
193	1571.141	6	37.40811905	224.4487143		193	1513.844	7	36.04390476	252.3073333			193	955.953	2	22.76078571	45.52157143
194	1579.281	1	37.60192857	37.60192857		194	1521.688	2	36.23066667	72.46133333			194	960.906	2	22.87871429	45.75742857
195	1587.422	2	37.7957619	75.59152381		195	1529.531	2	36.41740476	72.83480952			195	965.859	6	22.99664286	137.9798571
196	1595.562	2	37.98957143	75.97914286		196	1537.375	9	36.60416667	329.4375			196	970.812	3	23.11457143	69.34371429
197	1603.703	2	38.18340476	76.36680952		197	1545.219	4	36.79092857	147.1637143			197	975.766	4	23.23252381	92.93009524
198	1611.844	4	38.3772381	153.5089524		198	1553.062	5	36.97766667	184.8883333			198	980.719	2	23.35045238	46.70090476
199	1619.984	7	38.57104762	269.9973333		199	1560.906	1	37.16442857	37.16442857			199	985.672	4	23.46838095	93.87352381
200	1628.125	4	38.76488095	155.0595238		200	1568.75	1	37.35119048	37.35119048			200	990.625	2	23.58630952	47.17261905
201	1636.266	0	38.95871429	0		201	1576.594	3	37.53795238	112.6138571			201	995.578	2	23.7042381	47.40847619
202	1644.406	1	39.15252381	39.15252381		202	1584.438	4	37.72471429	150.8988571			202	1000.531	4	23.82216667	95.28866667
203	1652.547	6	39.34635714	236.0781429		203	1592.281	3	37.91145238	113.7343571			203	1005.484	0	23.94009524	0
204	1660.688	3	39.54019048	118.6205714		204	1600.125	4	38.09821429	152.3928571			204	1010.438	2	24.05804762	48.11609524
205	1668.828	1	39.734	39.734		205	1607.969	0	38.28497619	0			205	1015.391	4	24.17597619	96.70390476
206	1676.969	4	39.92783333	159.7113333		206	1615.812	2	38.47171429	76.94342857			206	1020.344	1	24.29390476	24.29390476
207	1685.109	2	40.12164286	80.24328571		207	1623.656	0	38.65847619	0			207	1025.297	0	24.41183333	0
208	1693.25	4	40.31547619	161.2619048		208	1631.5	0	38.8452381	0			208	1030.25	2	24.5297619	49.05952381
209	1701.391	1	40.50930952	40.50930952		209	1639.344	2	39.032	78.064			209	1035.203	2	24.64769048	49.29538095
210	1709.531	0	40.70311905	0		210	1647.188	3	39.2187619	117.6562857			210	1040.156	0	24.76561905	0
211	1717.672	1	40.89695238	40.89695238		211	1655.031	1	39.4055	39.4055			211	1045.109	0	24.88354762	0
212	1725.812	2	41.0907619	82.18152381		212	1662.875	0	39.5922619	0			212	1050.062	1	25.00147619	25.00147619
213	1733.953	2	41.28459524	82.56919048		213	1670.719	2	39.77902381	79.55804762			213	1055.016	0	25.11942857	0
214	1742.094	0	41.47842857	0		214	1678.562	1	39.9657619	39.9657619			214	1059.969	2	25.23735714	50.47471429
215	1750.234	2	41.6722381	83.34447619		215	1686.406	0	40.15252381	0			215	1064.922	1	25.35528571	25.35528571
216	1758.375	0	41.86607143	0		216	1694.25	0	40.33928571	0			216	1069.875	0	25.47321429	0
217	1766.516	0	42.05990476	0		217	1702.094	1	40.52604762	40.52604762			217	1074.828	2	25.59114286	51.18228571
218	1774.656	0	42.25371429	0		218	1709.938	0	40.71280952	0			218	1079.781	4	25.70907143	102.8362857
219	1782.797	2	42.44754762	84.89509524		219	1717.781	1	40.89954762	40.89954762			219	1084.734	1	25.827	25.827
220	1790.938	1	42.64138095	42.64138095		220	1725.625	2	41.08630952	82.17261905			220	1089.688	0	25.94495238	0
221	1799.078	1	42.83519048	42.83519048		221	1733.469	0	41.27307143	0			221	1094.641	0	26.06288095	0
222	1807.219	0	43.02902381	0		222	1741.312	0	41.45980952	0			222	1099.594	0	26.18080952	0
223	1815.359	0	43.22283333	0		223	1749.156	0	41.64657143	0			223	1104.547	1	26.2987381	26.2987381
224	1823.5	1	43.41666667	43.41666667		224	1757	0	41.83333333	0			224	1109.5	0	26.41666667	0
225	1831.641	0	43.6105	0		225	1764.844	1	42.02009524	42.02009524			225	1114.453	1	26.53459524	26.53459524
226	1839.781	0	43.80430952	0		226	1772.688	0	42.20685714	0			226	1119.406	2	26.65252381	53.30504762
227	1847.922	1	43.99814286	43.99814286		227	1780.531	0	42.39359524	0			227	1124.359	0	26.77045238	0
228	1856.062	0	44.19195238	0		228	1788.375	1	42.58035714	42.58035714			228	1129.312	2	26.88838095	53.7767619
229	1864.203	1	44.38578571	44.38578571		229	1796.219	0	42.76711905	0			229	1134.266	1	27.00633333	27.00633333
230	1872.344	0	44.57961905	0		230	1804.062	1	42.95385714	42.95385714			230	1139.219	0	27.1242619	0
231	1880.484	0	44.77342857	0		231	1811.906	1	43.14061905	43.14061905			231	1144.172	0	27.24219048	0
232	1888.625	2	44.9672619	89.93452381		232	1819.75	0	43.32738095	0			232	1149.125	1	27.36011905	27.36011905
233	1896.766	0	45.16109524	0		233	1827.594	0	43.51414286	0			233	1154.078	0	27.47804762	0
234	1904.906	1	45.35490476	45.35490476		234	1835.438	1	43.70090476	43.70090476			234	1159.031	0	27.59597619	0
235	1913.047	0	45.5487381	0		235	1843.281	0	43.88764286	0			235	1163.984	0	27.71390476	0
236	1921.188	0	45.74257143	0		236	1851.125	0	44.07440476	0			236	1168.938	0	27.83185714	0
237	1929.328	0	45.93638095	0		237	1858.969	0	44.26116667	0			237	1173.891	0	27.94978571	0
238	1937.469	1	46.13021429	46.13021429		238	1866.812	0	44.44790476	0			238	1178.844	1	28.06771429	28.06771429
239	1945.609	0	46.32402381	0		239	1874.656	0	44.63466667	0			239	1183.797	0	28.18564286	0
240	1953.75	0	46.51785714	0		240	1882.5	1	44.82142857	44.82142857			240	1188.75	0	28.30357143	0
241	1961.891	0	46.71169048	0		241	1890.344	0	45.00819048	0			241	1193.703	0	28.4215	0
242	1970.031	0	46.9055	0		242	1898.188	1	45.19495238	45.19495238			242	1198.656	0	28.53942857	0
243	1978.172	0	47.09933333	0		243	1906.031	0	45.38169048	0			243	1203.609	0	28.65735714	0
244	1986.312	0	47.29314286	0		244	1913.875	0	45.56845238	0			244	1208.562	1	28.77528571	28.77528571
245	1994.453	0	47.48697619	0		245	1921.719	0	45.75521429	0			245	1213.516	0	28.8932381	0
246	2002.594	0	47.68080952	0		246	1929.562	0	45.94195238	0			246	1218.469	0	29.01116667	0
247	2010.734	0	47.87461905	0		247	1937.406	0	46.12871429	0			247	1223.422	0	29.12909524	0
248	2018.875	0	48.06845238	0		248	1945.25	0	46.31547619	0			248	1228.375	0	29.24702381	0
249	2027.016	0	48.26228571	0		249	1953.094	0	46.5022381	0			249	1233.328	1	29.36495238	29.36495238
250	2035.156	0	48.45609524	0		250	1960.938	0	46.689	0			250	1238.281	0	29.48288095	0
251	2043.297	0	48.64992857	0		251	1968.781	0	46.8757381	0			251	1243.234	0	29.60080952	0
252	2051.438	0	48.8437619	0		252	1976.625	0	47.0625	0			252	1248.188	0	29.7187619	0
253	2059.578	0	49.03757143	0		253	1984.469	0	47.2492619	0			253	1253.141	0	29.83669048	0
254	2067.719	0	49.23140476	0		254	1992.312	0	47.436	0			254	1258.094	0	29.95461905	0
255	2075.859	1	49.42521429	49.42521429		255	2000.156	1	47.6227619	47.6227619			255	1263.047	1	30.07254762	30.07254762
																	
																	
				56228.84752						51336.03733							46860.69074
																	
									0.912983986								
